Nimi   V J Y Miehi채 Naisia Miehi채 2010- Naisia 2010-
----------------------------------------------------
Leino  3 5 8    187      7          178          1-4
Ossi   4 3 7   5897      0          782            0
Lassi  5 2 7   4962      0          767            0
Topi   5 2 7   4588      0         1197            0
Touko  2 5 7   1388     10          684            0
Mauno  1 5 6   3768      0          949            0
Aku    4 2 6   2581      6          649          1-4
Kauko  2 3 5   6140      0          487          1-4
Anssi  4 1 5   5696      0          136            0
Aimo   2 3 5   4197      5          433            0
Kaapo  3 2 5   2058      0         1256            0
Konsta 2 2 4   4698      0         1872            0
Timi   3 1 4   1360      0          384            0
Asko   2 1 3   5066      0          126            0
Ilpo   2 1 3   3615      0          197            0
Atso   1 2 3    595      0          216            0
Yhteens채 16 nime채
